0000090000000000
0000000000000000
0000040000000000
0000000000000000
0000060000000000
0000000000000000
0000080000000000
0000000000000000
0000050000000000
0000000000000000
0000120000000000
0000000000000000
0000120000000000
0000000000000000
00000e0000000000
0000000000000000
0000280000000000
0000000000000000
00001c0000000000
00001c0800000000
0000080000000000
0000000000000000
0000160000000000
0000000000000000
00002c0000000000
0000000000000000
00000c0000000000
0000000000000000
00002c0000000000
0000000000000000
0000040000000000
0000000000000000
00000a0000000000
0000000000000000
0000150000000000
0000000000000000
0000080000000000
0000000000000000
0000080000000000
0000000000000000
00002c0000000000
0000000000000000
2000000000000000
2000330000000000
2000000000000000
2000270000000000
2000000000000000
0000000000000000
0000280000000000
0000000000000000
2000000000000000
20001f0000000000
2000000000000000
0000000000000000
0000050000000000
0000000000000000
0000120000000000
0000050000000000
0000000000000000
00002c0000000000
0000000000000000
00001a0000000000
0000000000000000
0000080000000000
0000000000000000
00002c0000000000
0000000000000000
0000160000000000
0000000000000000
00000b0000000000
0000000000000000
0000120000000000
0000000000000000
0000180000000000
0000000000000000
00000f0000000000
00000f0700000000
0000070000000000
0000000000000000
00002c0000000000
0000000000000000
00000a0000000000
0000000000000000
0000120000000000
0000000000000000
0000170000000000
0000000000000000
00002c0000000000
0000000000000000
00002a0000000000
0000000000000000
00002a0000000000
0000000000000000
00002c0000000000
0000000000000000
0000170000000000
0000000000000000
00000b0000000000
0000000000000000
0000080000000000
0000000000000000
0000150000000000
0000000000000000
0000080000000000
0000000000000000
00002c0000000000
0000000000000000
0000160000000000
0000000000000000
0000120000000000
0000000000000000
0000100000000000
0000080000000000
0000000000000000
00002c0000000000
0000000000000000
0000070000000000
0000000000000000
0000040000000000
0000000000000000
00001c0000000000
0000000000000000
00002c0000000000
0000000000000000
0000330000000000
0000000000000000
2000000000000000
2000270000000000
2000000000000000
0000000000000000
0000280000000000
0000000000000000
0000120000000000
0000000000000000
00000b0000000000
0000000000000000
00002c0000000000
0000000000000000
0000160000000000
0000000000000000
0000120000000000
0000000000000000
0000150000000000
0000000000000000
0000150000000000
0000000000000000
00001c0000000000
0000000000000000
00002c0000000000
0000000000000000
0000090000000000
0000120000000000
0000000000000000
0000150000000000
0000000000000000
00000a0000000000
0000000000000000
0000120000000000
0000170000000000
0000000000000000
00002c0000000000
0000000000000000
0000040000000000
0000000000000000
0000050000000000
0000000000000000
0000120000000000
0000000000000000
0000180000000000
0000000000000000
0000170000000000
0000000000000000
00002c0000000000
0000000000000000
0000170000000000
00000b0000000000
0000000000000000
0000040000000000
0000000000000000
0000170000000000
0000000000000000
0000360000000000
0000000000000000
00002c0000000000
0000000000000000
0000160000000000
0000000000000000
0000080000000000
0000000000000000
0000110000000000
0000000000000000
0000070000000000
00000c0000000000
0000000000000000
00000a0000000000
00000a1100000000
0000000000000000
00002a0000000000
0000000000000000
00002a0000000000
0000000000000000
0000110000000000
00000a0000000000
0000000000000000
00002c0000000000
0000000000000000
00000c0000000000
0000170000000000
0000000000000000
00002c0000000000
0000000000000000
0000170000000000
0000120000000000
0000000000000000
00002c0000000000
0000000000000000
00001c0000000000
0000000000000000
0000120000000000
0000000000000000
0000180000000000
0000000000000000
00002c0000000000
0000000000000000
0000150000000000
00000c0000000000
0000000000000000
00000a0000000000
00000b0000000000
0000000000000000
0000170000000000
0000000000000000
00002c0000000000
0000000000000000
0000110000000000
0000000000000000
0000120000000000
0000000000000000
00001a0000000000
0000000000000000
0000370000000000
0000000000000000
0000370000000000
0000000000000000
0000370000000000
0000000000000000
0000280000000000
0000000000000000
0000160000000000
0000000000000000
0000180000000000
0000000000000000
0000130000000000
0000080000000000
0000000000000000
0000150000000000
0000000000000000
00002d0000000000
0000000000000000
0000160000000000
0000000000000000
0000080000000000
0000000000000000
0000060000000000
0000000000000000
0000180000000000
0000000000000000
0000150000000000
0000000000000000
0000080000000000
0000000000000000
00002d0000000000
0000000000000000
0000120000000000
0000000000000000
0000110000000000
0000000000000000
00000f0000000000
0000000000000000
00000c0000000000
0000000000000000
0000110000000000
0000000000000000
0000080000000000
0000000000000000
00002d0000000000
0000000000000000
0000050000000000
0000000000000000
0000040000000000
0000000000000000
0000110000000000
0000000000000000
00000e0000000000
0000000000000000
0000370000000000
0000000000000000
0000060000000000
0000000000000000
0000120000000000
0000000000000000
0000100000000000
0000000000000000
0000280000000000
0000000000000000
0000180000000000
0000000000000000
0000160000000000
0000000000000000
0000080000000000
0000000000000000
0000150000000000
0000000000000000
0000110000000000
0000000000000000
0000040000000000
0000000000000000
0000100000000000
0000000000000000
0000080000000000
0000000000000000
2000000000000000
20001f0000000000
2000000000000000
0000000000000000
0000080000000000
0000000000000000
00001b0000000000
0000000000000000
0000040000000000
0000000000000000
0000100000000000
0000000000000000
0000130000000000
0000000000000000
00000f0000000000
0000000000000000
0000080000000000
0000000000000000
0000370000000000
0000000000000000
0000060000000000
0000000000000000
0000120000000000
0000000000000000
0000100000000000
0000000000000000
0000280000000000
0000000000000000
0000090000000000
0000000000000000
00000f0000000000
0000000000000000
0000040000000000
0000000000000000
00000a0000000000
0000000000000000
2000000000000000
20002f0000000000
2000000000000000
0000000000000000
0000100000000000
0000000000000000
00001c0000000000
0000000000000000
2000000000000000
20002d0000000000
2000000000000000
0000000000000000
0000130000000000
0000000000000000
0000040000000000
0000000000000000
0000160000000000
0000000000000000
0000160000000000
0000000000000000
00001a0000000000
0000000000000000
0000120000000000
0000000000000000
0000150000000000
0000000000000000
0000070000000000
0000000000000000
2000000000000000
20002d0000000000
2000000000000000
0000000000000000
00000c0000000000
0000000000000000
0000110000000000
0000000000000000
2000000000000000
20002d0000000000
2000000000000000
0000000000000000
00000e0000000000
0000000000000000
0000080000000000
0000000000000000
00001c0000000000
0000000000000000
0000160000000000
0000000000000000
0000170000000000
0000000000000000
0000150000000000
0000000000000000
0000120000000000
0000000000000000
00000e0000000000
0000000000000000
0000080000000000
0000000000000000
0000160000000000
0000000000000000
2000000000000000
2000300000000000
2000000000000000
0000000000000000
0000280000000000
0000000000000000
0000050000000000
0000000000000000
0000120000000000
0000000000000000
0000050000000000
0000000000000000
0000280000000000
0000000000000000
0000590000000000
0000000000000000
00005f0000000000
0000000000000000
00005a0000000000
0000000000000000
0000630000000000
0000000000000000
00005e0000000000
0000000000000000
00005a0000000000
0000000000000000
2000000000000000
2000210000000000
2000000000000000
0000000000000000
0000280000000000
0000000000000000
0000040000000000
0000000000000000
00000f0000000000
0000000000000000
0000150000000000
0000000000000000
00000c0000000000
0000000000000000
00000a0000000000
0000000000000000
00000b0000000000
0000000000000000
0000170000000000
0000000000000000
00002c0000000000
0000000000000000
00001c0000000000
0000000000000000
0000120000000000
0000000000000000
0000180000000000
0000000000000000
00002c0000000000
0000000000000000
0000160000000000
00000b0000000000
0000000000000000
0000120000000000
0000000000000000
0000180000000000
0000000000000000
00000f0000000000
0000000000000000
0000070000000000
0000000000000000
00002c0000000000
0000000000000000
0000150000000000
0000000000000000
0000080000000000
0000000000000000
0000060000000000
0000000000000000
0000080000000000
0000000000000000
00000c0000000000
0000000000000000
0000190000000000
0000000000000000
0000080000000000
0000000000000000
00002c0000000000
0000000000000000
00000c0000000000
0000000000000000
0000170000000000
0000000000000000
00002c0000000000
0000000000000000
0000160000000000
0000000000000000
0000120000000000
0000000000000000
0000120000000000
0000000000000000
0000110000000000
0000000000000000
0000280000000000
0000000000000000
0000110000000000
0000000000000000
0000130000000000
0000000000000000
00002c0000000000
0000000000000000
2000000000000000
2000330000000000
2000000000000000
2000270000000000
2000000000000000
0000000000000000
0000280000000000
0000000000000000
